0  31 1
0  33 1
0  44 1
0  47 1
1  2  1
1  33 1
2  33 1
3  33 1
4  33 1
5  34 1
5  35 1
6  34 1
6  35 1
7  44 1
7  47 1
7  48 1
8  47 1
8  48 1
9  33 1
9  50 1
10 33 1
10 50 1
11 50 1
11 52 1
12 13 1
12 35 1
12 52 1
12 53 1
13 3  1
13 4  1
13 5  1
13 6  1
13 35 1
13 52 1
13 53 1
14 48 1
15 47 1
15 48 1
16 48 1
16 49 1
16 50 1
17 50 1
18 50 1
18 52 1
19 20 1
19 52 1
19 53 1
20 52 1
20 53 1
21 1  1
21 5  1
21 33 1
21 34 1
21 38 1
21 60 1
22 5  1
22 6  1
22 26 1
22 33 1
22 34 1
22 60 1
23 5  1
23 6  1
23 22 1
23 33 1
23 34 1
23 35 1
24 5  1
24 21 1
24 29 1
24 31 1
24 33 1
24 34 1
24 44 1
24 45 1
24 60 1
25 5  1
25 17 1
25 32 1
25 33 1
25 35 1
25 38 1
26 5  1
26 35 1
27 5  1
27 6  1
27 34 1
27 35 1
28 1  1
28 5  1
28 23 1
28 34 1
28 60 1
29 0  1
29 30 1
29 33 1
29 34 1
29 40 1
29 44 1
30 0  1
30 1  1
30 29 1
30 33 1
30 40 1
30 44 1
30 60 1
31 0  1
31 1  1
32 2  1
32 3  1
32 4  1
32 6  1
33 3  1
33 4  1
34 5  1
34 6  1
34 35 1
35 3  1
35 4  1
35 5  1
35 6  1
35 34 1
36 5  1
37 5  1
37 27 1
37 61 1
38 44 1
39 6  1
39 12 1
39 41 1
39 60 1
39 61 1
40 44 1
40 47 1
41 43 1
42 44 1
42 63 1
44 47 1
44 56 1
45 20 1
45 41 1
45 43 1
45 52 1
46 16 1
46 55 1
46 56 1
47 48 1
47 56 1
48 56 1
49 56 1
50 56 1
50 57 1
50 58 1
51 58 1
52 58 1
52 59 1
53 43 1
53 52 1
53 54 1
53 58 1
53 59 1
54 43 1
54 58 1
54 59 1
54 62 1
55 56 1
55 59 1
55 60 1
55 62 1
56 48 1
56 55 1
56 62 1
56 63 1
57 56 1
57 58 1
57 62 1
57 63 1
58 54 1
58 59 1
58 63 1
59 54 1
59 55 1
59 58 1
60 55 1
60 56 1
60 57 1
60 63 1
61 54 1
61 55 1
61 56 1
61 57 1
61 58 1
61 59 1
61 63 1
62 54 1
62 57 1
62 58 1
62 59 1
62 63 1
63 55 1
63 59 1
