
   Summary motif results
   =====================
mfinder Version 1.20

MOTIF FINDER RESULTS:

	Network name: ../data/EO_10Hz_0.05dt_Motifs.txt
	Network type: Directed
	Num of Nodes: 63 Num of Edges: 201
	Num of Nodes with edges: 63
	Maximal out degree (out-hub) : 41
	Maximal in degree (in-hub) : 10
	Roots num: 7 Leaves num: 12
	Single Edges num: 181 Mutual Edges num: 7

	Motif size searched  4
	Total number of 4-node subgraphs : 22374
	Number of random networks generated : 2000
	Random networks generation method: Switches
	Num of Switches range: 100.0-200.0, Success switches Ratio:0.372+-0.01

The following motifs were found:

Criteria taken : Pval < 0.010
                 Mfactor > 1.10
                 Uniquness ignored

MOTIF	NREAL	NRAND		NREAL	NREAL	UNIQ	CREAL
ID		STATS		ZSCORE	PVAL	VAL	[MILI]	
74	1696	1200.1+-138.0	3.59	0.000	0	75.79

0 1 0 1 
0 0 1 0 
0 0 0 0 
0 0 0 0 

340	1	0.0+-0.0	888888	0.000	0	0.03

0 0 1 0 
1 0 1 0 
1 0 0 0 
0 0 0 0 

904	56	18.2+-7.2	5.25	0.000	0	2.50

0 0 0 1 
0 0 0 1 
1 1 0 0 
0 0 0 0 

4678	38	0.6+-1.4	27.73	0.000	0	1.70

0 1 1 0 
0 0 1 0 
0 1 0 0 
1 0 0 0 

4686	6	0.2+-0.5	11.50	0.001	0	0.27

0 1 1 1 
0 0 1 0 
0 1 0 0 
1 0 0 0 

5016	6	0.3+-0.7	8.13	0.002	0	0.27

0 0 0 1 
1 0 0 1 
1 1 0 0 
1 0 0 0 

6552	17	2.6+-2.1	6.72	0.000	0	0.76

0 0 0 1 
1 0 0 1 
1 0 0 1 
1 0 0 0 

15258	9	3.1+-1.9	3.04	0.003	0	0.40

0 1 0 1 
1 0 0 1 
1 1 0 1 
1 1 0 0 




Full list of subgraphs size 4 ids:

	( Total num of different subgraphs size 4 is : 199 )

MOTIF	NREAL	NRAND		NREAL	NREAL	CREAL	UNIQ
ID		STATS		ZSCORE	PVAL	[MILI]	
14	12464	11921.6+-178.8	3.03	0.002	556.97	0

28	53	81.5+-11.5	-2.48	0.996	2.37	0

30	34	29.6+-7.5	0.59	0.297	1.52	0

74	1696	1200.1+-138.0	3.59	0.000	75.79	0

76	3805	4152.6+-171.3	-2.03	0.980	170.02	0

78	1786	2058.8+-155.1	-1.76	0.951	79.81	0

90	34	23.5+-8.1	1.29	0.150	1.52	0

92	46	49.4+-8.2	-0.47	0.683	2.03	0

94	0	8.3+-6.5	-1.27	1.000	0.00	0

204	308	390.4+-41.8	-1.96	0.982	13.79	0

206	24	40.4+-8.6	-1.91	0.979	1.07	0

222	0	0.3+-0.6	-0.44	1.000	0.00	0

280	191	168.4+-19.1	1.19	0.130	8.54	0

282	7	3.1+-1.8	2.17	0.036	0.31	0

286	0	0.0+-0.0	888888	1.000	0.00	0

328	65	126.8+-22.8	-2.71	1.000	2.90	0

330	0	2.2+-3.3	-0.67	1.000	0.00	0

332	7	8.2+-3.5	-0.33	0.671	0.31	0

334	0	0.6+-1.9	-0.30	1.000	0.00	0

344	46	35.2+-7.2	1.51	0.089	2.06	0

346	0	0.3+-0.9	-0.29	1.000	0.00	0

348	0	0.0+-0.0	888888	1.000	0.00	0

350	0	0.0+-0.0	888888	1.000	0.00	0

390	15	9.6+-3.4	1.59	0.090	0.67	0

392	440	334.5+-42.3	2.49	0.011	19.66	0

394	10	5.5+-3.8	1.17	0.154	0.45	0

396	26	29.3+-7.6	-0.43	0.672	1.16	0

398	2	2.1+-1.5	-0.09	0.604	0.09	0

404	101	271.3+-71.4	-2.38	0.991	4.51	0

406	0	0.0+-0.0	888888	1.000	0.00	0

408	103	109.9+-11.7	-0.58	0.742	4.60	0

410	0	0.8+-1.0	-0.83	1.000	0.00	0

412	1	2.7+-1.7	-1.05	0.913	0.04	0

414	0	0.0+-0.0	888888	1.000	0.00	0

454	0	0.1+-0.4	-0.19	1.000	0.00	0

456	21	36.2+-8.9	-1.71	0.971	0.94	0

458	0	0.1+-0.3	-0.27	1.000	0.00	0

460	11	7.1+-3.4	1.15	0.177	0.49	0

462	0	0.0+-0.2	-0.14	1.000	0.00	0

468	215	197.6+-70.9	0.25	0.435	9.61	0

470	0	0.0+-0.0	888888	1.000	0.00	0

472	28	54.2+-10.3	-2.53	0.996	1.25	0

474	0	0.1+-0.3	-0.19	1.000	0.00	0

476	0	0.0+-0.0	888888	1.000	0.00	0

478	0	0.0+-0.0	888888	1.000	0.00	0

856	0	0.8+-1.1	-0.69	1.000	0.00	0

858	0	0.0+-0.0	888888	1.000	0.00	0

862	0	0.0+-0.0	888888	1.000	0.00	0

904	56	18.2+-7.2	5.25	0.000	2.50	0

906	2	1.4+-1.4	0.43	0.379	0.09	0

908	2	1.6+-1.4	0.26	0.477	0.09	0

910	0	0.3+-0.5	-0.49	1.000	0.00	0

922	0	0.0+-0.0	888888	1.000	0.00	0

924	0	0.0+-0.1	-0.10	1.000	0.00	0

926	0	0.0+-0.0	888888	1.000	0.00	0

972	0	0.0+-0.0	888888	1.000	0.00	0

974	0	0.0+-0.0	888888	1.000	0.00	0

990	0	0.0+-0.0	888888	1.000	0.00	0

2184	244	219.0+-17.7	1.41	0.086	10.90	0

2186	142	172.2+-11.9	-2.53	0.993	6.35	0

2190	48	42.8+-8.7	0.60	0.299	2.14	0

2202	0	2.9+-2.9	-0.99	1.000	0.00	0

2204	2	2.1+-1.7	-0.04	0.565	0.09	0

2206	0	0.4+-0.6	-0.55	1.000	0.00	0

2252	33	28.8+-6.7	0.63	0.272	1.47	0

2254	6	3.1+-2.1	1.40	0.130	0.27	0

2270	0	0.0+-0.2	-0.16	1.000	0.00	0

2458	0	0.9+-1.1	-0.86	1.000	0.00	0

2462	0	0.0+-0.0	888888	1.000	0.00	0

2506	0	0.0+-0.0	-0.04	1.000	0.00	0

2510	0	0.0+-0.1	-0.08	1.000	0.00	0

2524	0	0.0+-0.0	888888	1.000	0.00	0

2526	0	0.0+-0.0	888888	1.000	0.00	0

3038	0	0.0+-0.0	888888	1.000	0.00	0

4370	11	35.9+-9.7	-2.57	1.000	0.49	0

4374	0	0.0+-0.0	888888	1.000	0.00	0

4382	0	0.0+-0.0	888888	1.000	0.00	0

4418	0	4.2+-5.7	-0.73	1.000	0.00	0

4420	0	32.4+-11.1	-2.92	1.000	0.00	0

4422	0	0.0+-0.0	888888	1.000	0.00	0

4424	44	34.4+-15.4	0.62	0.259	1.97	0

4426	0	0.0+-0.2	-0.15	1.000	0.00	0

4428	0	0.0+-0.0	888888	1.000	0.00	0

4430	0	0.0+-0.0	888888	1.000	0.00	0

4434	0	0.0+-0.2	-0.21	1.000	0.00	0

4436	22	24.0+-7.1	-0.29	0.646	0.98	0

4438	0	0.0+-0.0	888888	1.000	0.00	0

4440	3	8.5+-4.8	-1.16	0.911	0.13	0

4442	0	0.0+-0.0	888888	1.000	0.00	0

4444	0	0.0+-0.0	888888	1.000	0.00	0

4446	0	0.0+-0.0	888888	1.000	0.00	0

4546	0	0.0+-0.2	-0.18	1.000	0.00	0

4548	0	7.6+-4.7	-1.61	1.000	0.00	0

4550	0	0.0+-0.0	888888	1.000	0.00	0

4556	0	0.0+-0.0	888888	1.000	0.00	0

4558	0	0.0+-0.0	888888	1.000	0.00	0

4562	0	0.0+-0.0	-0.03	1.000	0.00	0

4564	8	13.2+-5.3	-0.97	0.851	0.36	0

4566	0	0.0+-0.0	888888	1.000	0.00	0

4572	0	0.0+-0.0	888888	1.000	0.00	0

4574	0	0.0+-0.0	888888	1.000	0.00	0

4678	38	0.6+-1.4	27.73	0.000	1.70	0

4682	0	2.3+-1.5	-1.50	1.000	0.00	0

4686	6	0.2+-0.5	11.50	0.001	0.27	0

4692	0	0.3+-1.1	-0.25	1.000	0.00	0

4694	0	0.0+-0.0	888888	1.000	0.00	0

4698	0	0.0+-0.0	888888	1.000	0.00	0

4700	0	0.0+-0.0	888888	1.000	0.00	0

4702	0	0.0+-0.0	888888	1.000	0.00	0

4740	0	0.4+-0.7	-0.63	1.000	0.00	0

4742	0	0.1+-0.3	-0.24	1.000	0.00	0

4748	0	0.1+-0.3	-0.27	1.000	0.00	0

4750	0	0.0+-0.2	-0.13	1.000	0.00	0

4758	0	0.0+-0.0	888888	1.000	0.00	0

4764	0	0.0+-0.0	888888	1.000	0.00	0

4766	0	0.0+-0.0	888888	1.000	0.00	0

4812	0	0.0+-0.0	888888	1.000	0.00	0

4814	0	0.0+-0.0	888888	1.000	0.00	0

4830	0	0.0+-0.0	888888	1.000	0.00	0

4946	0	0.0+-0.0	888888	1.000	0.00	0

4950	7	27.1+-5.2	-3.86	1.000	0.31	0

4952	0	0.2+-0.7	-0.27	1.000	0.00	0

4954	0	0.0+-0.0	888888	1.000	0.00	0

4958	0	0.0+-0.0	888888	1.000	0.00	0

4994	0	1.0+-1.5	-0.64	1.000	0.00	0

4998	0	0.0+-0.1	-0.10	1.000	0.00	0

5002	0	0.0+-0.0	888888	1.000	0.00	0

5004	0	0.0+-0.0	888888	1.000	0.00	0

5006	0	0.0+-0.0	888888	1.000	0.00	0

5010	0	0.0+-0.0	888888	1.000	0.00	0

5012	0	0.0+-0.0	888888	1.000	0.00	0

5014	0	0.0+-0.0	888888	1.000	0.00	0

5016	6	0.3+-0.7	8.13	0.002	0.27	0

5018	0	0.0+-0.0	888888	1.000	0.00	0

5020	0	0.0+-0.0	888888	1.000	0.00	0

5022	0	0.0+-0.0	888888	1.000	0.00	0

5058	0	0.0+-0.1	-0.08	1.000	0.00	0

5062	0	0.0+-0.0	888888	1.000	0.00	0

5064	0	0.1+-0.4	-0.33	1.000	0.00	0

5066	0	0.0+-0.0	888888	1.000	0.00	0

5068	0	0.0+-0.0	888888	1.000	0.00	0

5070	0	0.0+-0.0	888888	1.000	0.00	0

5074	0	0.0+-0.0	888888	1.000	0.00	0

5076	0	0.0+-0.0	888888	1.000	0.00	0

5078	0	0.0+-0.0	888888	1.000	0.00	0

5080	0	0.0+-0.3	-0.19	1.000	0.00	0

5082	0	0.0+-0.0	888888	1.000	0.00	0

5084	0	0.0+-0.0	888888	1.000	0.00	0

5086	0	0.0+-0.0	888888	1.000	0.00	0

6342	0	0.0+-0.0	-0.05	1.000	0.00	0

6348	0	0.0+-0.2	-0.21	1.000	0.00	0

6350	0	0.0+-0.0	888888	1.000	0.00	0

6356	0	0.4+-0.8	-0.53	1.000	0.00	0

6358	0	0.0+-0.0	-0.04	1.000	0.00	0

6364	0	0.0+-0.0	888888	1.000	0.00	0

6366	0	0.0+-0.0	888888	1.000	0.00	0

6550	0	0.0+-0.0	888888	1.000	0.00	0

6552	17	2.6+-2.1	6.72	0.000	0.76	0

6554	0	0.0+-0.0	888888	1.000	0.00	0

6558	0	0.0+-0.0	888888	1.000	0.00	0

6598	0	0.0+-0.0	888888	1.000	0.00	0

6602	0	0.0+-0.0	888888	1.000	0.00	0

6604	0	0.0+-0.0	888888	1.000	0.00	0

6606	0	0.0+-0.0	888888	1.000	0.00	0

6614	0	0.0+-0.0	888888	1.000	0.00	0

6616	2	0.2+-0.5	3.27	0.030	0.09	0

6618	0	0.0+-0.0	888888	1.000	0.00	0

6620	0	0.0+-0.0	888888	1.000	0.00	0

6622	0	0.0+-0.0	888888	1.000	0.00	0

6854	0	0.0+-0.0	888888	1.000	0.00	0

6858	0	0.0+-0.0	888888	1.000	0.00	0

6862	0	0.0+-0.0	888888	1.000	0.00	0

6870	0	0.0+-0.0	888888	1.000	0.00	0

6874	0	0.0+-0.0	888888	1.000	0.00	0

6876	0	0.0+-0.0	888888	1.000	0.00	0

6878	0	0.0+-0.0	888888	1.000	0.00	0

7126	0	0.0+-0.0	888888	1.000	0.00	0

7128	0	0.0+-0.0	-0.03	1.000	0.00	0

7130	0	0.0+-0.0	888888	1.000	0.00	0

7134	0	0.0+-0.0	888888	1.000	0.00	0

13142	7	5.8+-2.6	0.46	0.408	0.31	0

13146	0	0.0+-0.0	888888	1.000	0.00	0

13148	0	0.0+-0.0	888888	1.000	0.00	0

13150	0	0.0+-0.0	888888	1.000	0.00	0

13260	0	0.0+-0.0	888888	1.000	0.00	0

13262	0	0.0+-0.0	888888	1.000	0.00	0

13278	0	0.0+-0.0	888888	1.000	0.00	0

14678	0	0.0+-0.0	888888	1.000	0.00	0

14686	0	0.0+-0.0	888888	1.000	0.00	0

14790	0	0.0+-0.0	888888	1.000	0.00	0

14798	0	0.0+-0.0	888888	1.000	0.00	0

14810	0	0.0+-0.0	888888	1.000	0.00	0

14812	0	0.0+-0.0	888888	1.000	0.00	0

14814	0	0.0+-0.0	888888	1.000	0.00	0

15258	9	3.1+-1.9	3.04	0.003	0.40	0

15262	0	0.0+-0.0	888888	1.000	0.00	0

15310	0	0.0+-0.0	888888	1.000	0.00	0

15326	0	0.0+-0.0	888888	1.000	0.00	0

31710	1	1.0+-0.0	888888	1.000	0.04	0



 (Application total runtime was:   8.87 minutes).

 (Real network processing runtime was:    1.0 seconds.)

 (Single Random network processing runtime was:    0.3 seconds.)
