0  1  1
0  33 1
1  2  1
1  33 1
2  33 1
3  4  1
5  6  1
5  34 1
5  35 1
6  5  1
6  34 1
6  35 1
7  47 1
8  47 1
9  33 1
9  49 1
9  50 1
10 50 1
11 50 1
11 52 1
12 52 1
14 47 1
15 50 1
15 56 1
16 50 1
17 49 1
17 50 1
18 50 1
18 52 1
19 52 1
21 33 1
21 38 1
21 45 1
22 8  1
22 9  1
22 21 1
22 24 1
22 26 1
22 32 1
22 43 1
22 45 1
22 61 1
22 63 1
23 1  1
23 21 1
23 24 1
23 26 1
23 32 1
23 43 1
23 63 1
24 2  1
24 3  1
24 4  1
24 11 1
24 38 1
24 47 1
25 0  1
25 1  1
25 2  1
25 3  1
25 4  1
25 9  1
25 11 1
25 15 1
25 17 1
25 20 1
25 32 1
25 33 1
25 38 1
25 40 1
25 43 1
25 44 1
25 57 1
25 63 1
26 5  1
26 6  1
26 22 1
26 34 1
26 35 1
27 1  1
27 3  1
27 33 1
27 41 1
27 45 1
28 1  1
28 2  1
28 3  1
28 4  1
28 9  1
28 11 1
28 12 1
28 18 1
28 21 1
28 24 1
28 26 1
28 27 1
28 31 1
28 33 1
28 35 1
28 37 1
28 41 1
28 43 1
28 45 1
28 52 1
28 53 1
28 54 1
28 56 1
28 57 1
28 59 1
28 60 1
28 63 1
29 0  1
29 1  1
29 33 1
29 38 1
29 47 1
30 0  1
30 31 1
30 40 1
30 45 1
31 1  1
31 6  1
31 35 1
31 47 1
32 1  1
32 6  1
32 35 1
33 5  1
33 6  1
33 35 1
34 5  1
34 6  1
34 35 1
35 5  1
35 6  1
35 34 1
36 33 1
37 43 1
37 54 1
37 63 1
38 47 1
39 0  1
39 2  1
39 3  1
39 4  1
39 5  1
39 6  1
39 7  1
39 8  1
39 10 1
39 11 1
39 12 1
39 13 1
39 14 1
39 15 1
39 16 1
39 17 1
39 18 1
39 21 1
39 29 1
39 31 1
39 32 1
39 34 1
39 35 1
39 37 1
39 38 1
39 42 1
39 44 1
39 45 1
39 46 1
39 48 1
39 49 1
39 50 1
39 51 1
39 52 1
39 53 1
39 54 1
39 58 1
39 59 1
39 61 1
39 62 1
39 63 1
40 56 1
41 43 1
42 63 1
44 56 1
45 41 1
45 44 1
46 55 1
46 56 1
46 62 1
47 56 1
48 16 1
48 58 1
50 58 1
51 16 1
52 58 1
53 20 1
55 56 1
62 43 1
63 43 1
